0.00000
12.60000
12.69000
12.78000
12.97000
13.34000
13.43000
13.52000
13.74000
14.08000
14.28000
14.47000
14.68000
14.85000
15.04000
15.56000
15.65000
15.76000
16.00000
16.34000
16.42000
16.53000
16.73000
17.09000
17.28000
17.49000
17.67000
17.88000
18.04000
18.60000
18.77000
18.97000
19.16000
19.34000
19.50000
19.69000
20.09000
20.25000
20.47000
20.63000
20.84000
21.01000
21.22000
21.59000
21.76000
21.95000
22.15000
22.34000
22.53000
22.71000
23.08000
23.48000
23.86000
24.23000
24.39000
24.59000
24.78000
24.97000
25.16000
25.36000
25.52000
25.72000
25.93000
25.97000
26.16000
26.34000
26.52000
26.69000
26.88000
27.04000
27.22000
27.38000
27.58000
27.77000
27.97000
28.16000
28.36000
28.55000
28.72000
28.91000
29.10000
29.30000
29.49000
29.67000
29.87000
30.05000
30.24000
30.59000
30.70000
30.85000
30.96000
31.10000
31.24000
31.38000
31.65000
31.80000
32.11000
32.22000
32.35000
32.47000
32.60000
32.73000
32.85000
33.11000
33.28000
33.49000
33.59000
33.87000
33.97000
34.18000
34.35000
34.53000
34.73000
34.91000
35.10000
35.28000
35.48000
35.66000
35.75000
35.85000
36.03000
36.95000
37.12000
37.31000
37.71000
38.11000
38.28000
38.49000
38.84000
39.21000
39.98000
40.35000
40.73000
41.12000
41.28000
41.49000
41.86000
42.22000
42.98000
43.14000
43.32000
43.74000
44.08000
44.24000
44.46000
44.84000
45.21000
45.59000
45.77000
45.94000
46.33000
47.03000
47.23000
47.44000
47.83000
48.20000
48.60000
51.59000
51.95000
52.33000
52.72000
53.08000
53.25000
53.45000
53.79000
54.21000
57.60000
57.95000
58.35000
58.73000
59.09000
59.27000
59.45000
59.81000
60.21000
60.58000
61.00000
61.36000
61.72000
62.09000
62.31000
62.84000
63.61000
63.99000
64.35000
64.72000
65.11000
65.34000
65.87000
66.60000
66.97000
67.34000
67.53000
67.76000
68.08000
68.29000
68.82000
69.59000
69.97000
70.37000
70.72000
71.08000
71.27000
71.47000
71.83000
72.21000
77.83000
78.58000
78.71000
78.87000
78.98000
79.12000
79.24000
79.38000
79.51000
79.64000
79.76000
79.88000
80.01000
80.13000
80.27000
80.40000
80.56000
81.18000
81.32000
81.46000
81.58000
81.72000
81.85000
82.00000
82.11000
82.26000
82.37000
82.49000
82.61000
82.73000
82.86000
82.98000
83.11000
83.24000
83.36000
83.50000
83.87000
83.98000
84.14000
84.25000
84.60000
84.73000
84.86000
85.00000
85.11000
85.23000
85.35000
85.46000
85.60000
85.72000
85.85000
85.98000
86.13000
86.24000
86.37000
86.49000
86.63000
86.76000
86.90000
87.23000
87.34000
87.49000
87.61000
87.87000
88.01000
88.14000
88.26000
88.38000
88.63000
88.75000
88.88000
88.99000
89.12000
89.24000
89.37000
89.49000
89.60000
89.72000
89.83000
90.25000
90.96000
91.72000
92.27000
92.46000
92.66000
93.60000
93.96000
94.34000
94.51000
94.71000
95.08000
95.44000
95.66000
96.21000
96.45000
96.57000
96.80000
96.96000
97.33000
97.52000
97.72000
98.10000
98.48000
98.85000
99.21000
99.43000
99.56000
99.81000
99.98000
100.21000
100.35000
100.72000
100.92000
101.09000
101.28000
101.45000
101.82000
102.04000
102.95000
103.13000
103.32000
103.72000
104.08000
104.24000
104.45000
104.82000
105.23000
105.98000
106.35000
106.70000
107.10000
107.24000
107.47000
107.80000
108.21000
109.00000
109.16000
109.33000
109.70000
110.06000
110.22000
110.45000
110.84000
111.21000
111.58000
111.74000
111.95000
112.32000
112.70000
113.08000
113.23000
113.44000
113.84000
114.19000
114.58000
114.74000
114.93000
115.35000
116.05000
116.23000
116.45000
116.81000
117.23000
117.58000
117.98000
118.36000
118.72000
119.10000
119.28000
119.47000
119.82000
120.55000
120.73000
120.95000
121.34000
121.49000
121.71000
122.08000
122.22000
122.42000
122.81000
123.15000
123.36000
123.57000
123.74000
123.97000
124.07000
124.21000
124.34000
124.57000
124.91000
125.00000
125.14000
125.30000
125.44000
125.58000
125.69000
125.81000
126.07000
126.38000
126.49000
126.63000
126.82000
126.97000
127.10000
127.22000
127.35000
127.58000
128.06000
128.42000
128.80000
129.16000
129.99000
130.33000
130.77000
131.12000
131.50000
131.83000
132.05000
133.01000
133.37000
133.74000
134.10000
134.47000
134.85000
135.07000
135.24000
135.98000
136.36000
136.74000
137.09000
137.50000
137.82000
137.99000
138.58000
139.17000
139.71000
140.29000
140.78000
141.33000
141.85000
144.23000
144.60000
144.96000
145.35000
145.71000
146.07000
146.31000
146.82000
147.58000
148.00000
148.35000
148.71000
149.09000
149.29000
149.83000
150.57000
150.76000
150.94000
151.31000
151.71000
152.06000
152.29000
152.81000
153.60000
153.96000
154.33000
154.71000
155.07000
155.28000
155.44000
155.80000
156.21000
156.79000
156.95000
157.32000
157.71000
158.44000
159.21000
159.80000
159.94000
160.33000
160.70000
161.46000
162.24000
162.79000
162.93000
163.34000
163.73000
164.47000
165.24000
165.56000
165.96000
166.36000
166.70000
167.07000
167.28000
167.45000
167.81000
168.19000
176.80000
177.15000
177.32000
177.47000
177.71000
178.72000
181.28000
181.64000
181.79000
181.97000
182.15000
183.14000
183.48000
183.94000
184.32000
185.69000
185.84000
186.15000
186.30000
186.50000
186.70000
187.31000
188.12000
188.47000
188.62000
188.78000
188.98000
189.49000
190.38000
190.72000
190.86000
191.04000
191.23000
191.70000
192.44000
192.76000
193.20000
193.84000
194.28000
194.59000
194.88000
195.44000
196.32000
196.55000
196.79000
197.11000
197.62000
198.57000
198.86000
199.07000
199.40000
199.98000
200.86000
201.17000
201.39000
201.70000
202.06000
202.57000
202.84000
203.25000
203.70000
204.00000
204.42000
204.85000
205.10000
205.48000
205.90000
206.15000
206.55000
206.97000
207.22000
207.66000
208.32000
208.52000
208.95000
209.36000
210.02000
214.41000
214.70000
214.95000
215.23000
215.48000
215.80000
216.02000
216.38000
216.62000
217.22000
217.37000
217.53000
217.84000
218.27000
218.86000
219.21000
219.50000
219.78000
220.04000
220.35000
220.61000
220.91000
221.14000
221.47000
221.71000
222.01000
222.46000
222.88000
223.44000
223.73000
224.03000
224.31000
224.59000
224.89000
225.79000
226.04000
226.30000
226.59000
226.86000
227.17000
227.97000
228.27000
228.56000
228.84000
229.13000
229.40000
229.97000
230.24000
230.55000
230.82000
231.10000
231.64000
232.47000
232.81000
233.10000
233.38000
233.65000
233.98000
234.22000
234.51000
234.77000
235.07000
235.33000
235.61000
236.03000
236.50000
237.04000
237.33000
237.62000
237.89000
238.15000
238.45000
238.68000
239.03000
239.30000
239.59000
239.82000
240.14000
240.59000
240.99000
241.54000
241.83000
242.11000
242.40000
242.66000
242.94000
243.81000
244.10000
244.39000
244.67000
244.96000
245.25000
246.09000
246.38000
246.66000
246.97000
247.25000
247.56000
248.17000
248.42000
248.76000
249.03000
249.42000
250.08000
253.40000
253.64000
253.76000
253.98000
254.19000
254.36000
254.91000
255.39000
255.64000
256.05000
256.40000
256.69000
257.03000
257.67000
257.86000
258.05000
258.24000
258.42000
258.94000
259.44000
259.69000
259.92000
260.21000
261.47000
261.73000
261.85000
262.06000
262.22000
262.50000
263.03000
263.54000
263.81000
263.91000
264.04000
264.34000
264.54000
265.08000
265.56000
265.80000
265.93000
266.04000
266.30000
266.58000
267.06000
267.55000
268.00000
268.35000
269.12000
269.37000
269.64000
269.92000
270.43000
271.15000
271.42000
271.67000
271.93000
272.45000
273.20000
273.46000
273.71000
273.96000
274.47000
275.23000
275.50000
275.74000
276.00000
276.37000
276.74000
277.02000
277.37000
277.73000
278.00000
278.42000
278.79000
279.03000
279.41000
279.81000
280.06000
280.45000
280.84000
281.11000
281.47000
281.81000
282.06000
282.47000
282.83000
283.09000
283.46000
283.87000
284.12000
284.51000
284.88000
285.16000
291.48000
291.75000
291.99000
292.23000
292.46000
292.74000
292.95000
293.22000
293.49000
293.72000
293.95000
294.21000
294.61000
294.98000
295.47000
295.72000
295.98000
296.22000
296.46000
296.72000
296.94000
297.21000
297.46000
297.74000
297.95000
298.21000
298.61000
298.98000
299.50000
299.76000
300.01000
300.25000
300.49000
300.75000
301.49000
301.75000
301.99000
302.24000
302.49000
302.75000
303.46000
303.72000
303.97000
304.23000
304.48000
304.73000
305.21000
305.47000
305.72000
305.97000
306.24000
306.73000
307.45000
307.72000
307.98000
308.24000
308.49000
308.76000
309.01000
309.27000
309.51000
309.75000
309.99000
310.24000
310.62000
310.99000
311.52000
311.74000
312.00000
312.25000
312.51000
312.76000
313.01000
313.26000
313.50000
313.74000
313.96000
314.23000
314.62000
315.01000
315.48000
315.73000
315.98000
316.24000
316.50000
316.75000
317.46000
317.72000
317.97000
318.23000
318.46000
318.71000
319.45000
319.72000
319.96000
320.22000
320.47000
320.72000
321.23000
321.49000
321.74000
321.98000
322.24000
322.72000
329.07000
329.30000
329.53000
329.75000
330.01000
330.48000
336.80000
337.05000
337.28000
337.52000
337.77000
338.27000
344.55000
344.78000
345.01000
345.22000
345.48000
345.99000
350.33000
350.58000
350.82000
351.06000
351.32000
351.56000
351.80000
352.04000
352.28000
352.53000
352.77000
353.03000
353.29000
353.74000
355.42000
355.64000
355.87000
356.11000
356.36000
356.60000
356.85000
357.08000
357.32000
357.59000
357.81000
358.07000
358.43000
358.81000
359.28000
359.54000
359.78000
360.03000
360.24000
360.51000
360.73000
360.98000
361.22000
361.48000
361.68000
361.93000
362.33000
362.67000
363.13000
363.40000
363.63000
363.87000
364.09000
364.37000
365.10000
365.33000
365.56000
365.81000
366.03000
366.29000
367.02000
367.27000
367.51000
367.76000
368.01000
368.24000
368.71000
368.96000
369.21000
369.46000
369.70000
370.16000
370.90000
371.14000
371.37000
371.64000
371.87000
372.09000
372.35000
372.59000
372.84000
373.07000
373.29000
373.55000
373.94000
374.31000
374.78000
374.99000
375.27000
375.52000
375.75000
375.98000
376.24000
376.47000
376.71000
376.94000
377.17000
377.42000
377.78000
378.17000
378.63000
378.87000
379.12000
379.38000
379.63000
379.87000
380.57000
380.81000
381.06000
381.32000
381.57000
381.78000
382.52000
382.77000
383.00000
383.23000
383.46000
383.69000
384.17000
384.43000
384.68000
384.91000
385.16000
385.65000
386.37000
386.62000
386.86000
387.11000
387.36000
387.60000
388.08000
388.33000
388.57000
388.81000
389.06000
389.54000
390.24000
390.50000
390.75000
390.99000
391.22000
391.46000
391.95000
392.20000
392.44000
392.68000
392.93000
393.40000
394.12000
394.37000
394.63000
394.85000
395.09000
395.35000
396.04000
396.28000
396.55000
396.79000
397.02000
397.27000
398.01000
398.26000
398.50000
398.74000
399.00000
399.24000
399.72000
400.01000
400.29000
400.59000
400.99000
401.79000
